Kilka podstawowych parametrów do analizy:

        Mean price:       34.96432098765431
        Standard deviation: 30.592882742338052
        Minimum price:      1.9
        Maximum price:      189.0
        25th percentile:    6.9
        Median:             32.0
        75th percentile:    61.65
        
Cena według rodzaju mięsa:
              count       mean        std    min     25%    50%     75%    max
type_of_meat                                                                  
 cielęcina      2.0   7.000000   0.707107   6.50   6.750   7.00   7.250    7.5
 dorsz          6.0  34.983333  29.816735   3.10  10.150  34.25  62.100   64.8
 drób           4.0  45.700000  40.906968   9.90  10.650  43.85  78.900   85.2
 indyk         15.0  31.166667  32.244904   2.90   6.800   8.90  57.200   85.2
 jagnięcina     2.0  44.350000  52.679455   7.10  25.725  44.35  62.975   81.6
 kaczka        14.0  34.682143  31.887299   2.65   6.600  24.15  59.200   88.8
 krab           9.0  32.400000  29.316634   6.10   6.900  35.40  38.400   78.0
 krewetka      17.0  48.064118  39.323053   4.00  10.900  38.40  70.800  127.2
 królik        12.0  41.525000  29.236811   6.50   9.900  57.60  63.600   76.8
 pstrąg         2.0  33.950000  43.628488   3.10  18.525  33.95  49.375   64.8
 renifer        2.0  44.350000  52.679455   7.10  25.725  44.35  62.975   81.6
 ryba           1.0  69.000000        NaN  69.00  69.000  69.00  69.000   69.0
 sardynki       4.0  47.495000  41.921595  13.00  13.000  39.49  73.985   98.0
 sarnina        4.0  38.800000  32.927496   9.90  10.650  37.25  65.400   70.8
 tuńczyk       20.0  29.105000  23.533168   6.10   6.500  35.40  38.400   78.0
 wołowina      45.0  40.626667  37.507347   3.50   7.500  17.90  70.800  127.2
 wątróbka       2.0  26.100000  30.971277   4.20  15.150  26.10  37.050   48.0
 łosoś         13.0  34.792308  34.208685   4.20   6.500  17.90  57.600  106.2
Mix            72.0  35.067361  30.344437   3.99   9.775  29.00  51.800  189.0
dorsz           3.0  20.266667  22.466939   6.70   7.300   7.90  27.050   46.2
drób            6.0  52.216667  35.124374   4.80  24.075  67.80  75.600   85.2
dziczyzna       2.0  27.050000  27.082190   7.90  17.475  27.05  36.625   46.2
indyk          59.0  38.436441  35.263758   2.65   7.400  12.90  64.200  127.2
jagnięcina     25.0  40.988000  34.853148   3.10   7.900  46.20  69.000  106.2
kaczka         13.0  36.007692  32.229450   3.70   6.700  42.00  57.000   92.4
krewetka        2.0  27.050000  27.082190   7.90  17.475  27.05  36.625   46.2
królik         20.0  31.120000  26.557259   4.00   7.550  24.45  50.100   88.8
kurczak       111.0  31.982432  29.782714   1.90   6.500  12.90  58.300  106.2
pstrąg          4.0  35.550000  35.901764   3.10   5.200  35.35  65.700   68.4
renifer         2.0  27.050000  27.082190   7.90  17.475  27.05  36.625   46.2
ryba           33.0  41.259394  34.977046   3.10   9.500  38.40  59.000  165.0
sardynki        1.0  35.400000        NaN  35.40  35.400  35.40  35.400   35.4
tuńczyk        39.0  31.269231  25.361701   2.90   6.700  35.40  51.500   78.0
wołowina       45.0  31.267778  27.589950   2.65   4.800  12.90  57.600   85.2
wątróbka        2.0  33.950000  43.628488   3.10  18.525  33.95  49.375   64.8
łosoś          47.0  37.548936  30.610327   3.10   7.500  35.40  64.200   96.0
Cena według gramatury:
         count        mean        std  ...      50%       75%    max
weight                                 ...                          
40.0       4.0    5.200000   0.000000  ...    5.200    5.2000    5.2
70.0      35.0   32.533143  20.506973  ...   35.400   38.4000   98.0
75.0      38.0   37.289474  33.578756  ...   18.150   78.0000   78.0
80.0      14.0   20.750000  15.203023  ...   20.750   35.4000   35.4
85.0     124.0   31.255242  28.924294  ...   23.450   49.6000   96.0
100.0     46.0   39.223913  33.584144  ...   60.600   70.2000   85.2
114.0      2.0    3.700000   0.707107  ...    3.700    3.9500    4.2
156.0      4.0   50.300000  10.278132  ...   53.400   54.8000   59.0
185.0     10.0   51.060000  38.542508  ...   67.900   81.3000   92.4
190.0      5.0   20.860000  19.577104  ...    8.900   37.8000   46.2
200.0     49.0   37.253061  35.337663  ...   12.900   63.6000  127.2
288.0      2.0   81.990000  22.641559  ...   81.990   89.9950   98.0
370.0     36.0   27.572222  20.188874  ...   27.050   46.2000   65.0
375.0      2.0   16.400000   4.949747  ...   16.400   18.1500   19.9
400.0     56.0   34.951786  33.495411  ...   12.900   65.4000  106.2
425.0      1.0   27.500000        NaN  ...   27.500   27.5000   27.5
680.0      5.0   60.000000  20.124612  ...   69.000   69.0000   69.0
800.0      8.0   36.600000  29.425256  ...   34.250   63.6000   70.8
840.0      4.0   52.725000  11.571625  ...   58.250   59.0000   59.0
850.0      9.0   45.033333  16.303527  ...   44.000   59.0000   59.0
1020.0    18.0   41.210000  35.609422  ...   29.000   52.9425  165.0
1190.0     1.0   42.000000        NaN  ...   42.000   42.0000   42.0
1200.0     3.0   31.933333   2.900575  ...   32.000   33.4000   34.8
2040.0     4.0   33.672500  12.369870  ...   32.495   37.2175   49.9
4800.0     2.0   73.800000   4.242641  ...   73.800   75.3000   76.8
5100.0     1.0   42.000000        NaN  ...   42.000   42.0000   42.0
10200.0    1.0  189.000000        NaN  ...  189.000  189.0000  189.0

[27 rows x 8 columns]