Kilka podstawowych parametrów do analizy:

        Mean price:       11.406168032786885
        Standard deviation: 21.12965925116327
        Minimum price:      2.39
        Maximum price:      365.99
        25th percentile:    4.99
        Median:             7.99
        75th percentile:    8.99
        
Cena według rodzaju mięsa:
              count       mean         std  ...     50%     75%     max
type_of_meat                                ...                        
 cielęcina      4.0   6.490000    1.914854  ...   6.990   7.990    7.99
 dorsz          3.0   7.180000    3.135012  ...   8.990   8.990    8.99
 drób           5.0  10.390000    8.294577  ...   6.990   8.990   24.99
 dziczyzna      1.0   4.990000         NaN  ...   4.990   4.990    4.99
 indyk         18.0  13.883333   19.558781  ...   7.240   7.990   69.99
 jagnięcina     3.0   7.490000    2.179449  ...   6.490   8.240    9.99
 kaczka        13.0   7.687692    2.034839  ...   7.990   8.990    9.99
 krab           2.0   8.490000    0.707107  ...   8.490   8.740    8.99
 krewetka      13.0   8.143846    1.724633  ...   7.990   8.990    9.99
 królik         7.0   7.775714    3.053101  ...   5.990   9.990   12.49
 okoń           2.0   6.490000    0.707107  ...   6.490   6.740    6.99
 pstrąg         3.0   8.156667    4.252450  ...   7.990  10.240   12.49
 renifer        1.0   6.490000         NaN  ...   6.490   6.490    6.49
 ryba           3.0  31.870000   39.641937  ...   9.990  43.810   77.63
 sardynki       3.0   8.823333    3.329164  ...   7.990  10.240   12.49
 sarnina        1.0   9.990000         NaN  ...   9.990   9.990    9.99
 tuńczyk       17.0   7.655882    1.759610  ...   7.990   8.990    9.99
 wołowina      26.0  13.018462   16.230148  ...   8.990   9.990   69.99
 wątróbka      10.0   9.040000    5.889963  ...   7.990   8.740   24.99
 łosoś         17.0  13.157059   17.257160  ...   8.990   9.990   77.63
Mix            61.0  19.545410   20.987926  ...   9.990  21.990   87.99
cielęcina       1.0   3.990000         NaN  ...   3.990   3.990    3.99
dorsz           6.0   6.240000    3.312854  ...   4.990   6.740   12.49
drób            8.0   5.963750    4.113716  ...   4.385   5.240   15.99
dziczyzna       2.0   5.990000    2.828427  ...   5.990   6.990    7.99
indyk          45.0   9.341778   10.335905  ...   5.990   9.990   64.66
jagnięcina     23.0  10.370435   14.990871  ...   6.990   9.490   77.63
kaczka         17.0   6.950588    1.980292  ...   7.990   7.990    9.99
krewetka        5.0   6.704000    2.083022  ...   6.990   7.990    8.99
królik          9.0  46.007778  120.005345  ...   6.990   7.990  365.99
kurczak       156.0  10.270705   13.204782  ...   7.990   8.990   77.63
okoń            1.0   7.990000         NaN  ...   7.990   7.990    7.99
pstrąg          3.0   5.660000    2.080072  ...   5.000   6.495    7.99
renifer         4.0   7.737500    0.498356  ...   7.985   7.990    7.99
ryba           14.0  24.950000   29.578909  ...  13.240  17.490   87.99
sardynki        1.0   7.990000         NaN  ...   7.990   7.990    7.99
tuńczyk        52.0   8.081346    4.849456  ...   7.990   7.990   39.99
wołowina       37.0   8.732973   12.059445  ...   5.990   8.490   77.63
wątróbka        2.0   5.490000    2.121320  ...   5.490   6.240    6.99
łosoś          41.0   6.790244    2.792788  ...   6.490   7.990   13.99

[40 rows x 8 columns]
Cena według gramatury:
        count       mean           std    min      25%     50%      75%    max
weight                                                                        
40.0      1.0   7.990000           NaN   7.99   7.9900   7.990   7.9900   7.99
50.0      5.0   6.790000  4.472136e-01   5.99   6.9900   6.990   6.9900   6.99
70.0     84.0   7.332262  1.888055e+00   3.56   5.9225   7.990   8.9900   9.99
79.0      6.0   7.990000  9.729507e-16   7.99   7.9900   7.990   7.9900   7.99
80.0     10.0   8.990000  1.872445e-15   8.99   8.9900   8.990   8.9900   8.99
85.0    182.0   6.770549  6.905002e+00   2.39   4.9900   5.990   7.9900  69.99
100.0    42.0   4.850000  1.918307e+00   3.15   3.9900   3.990   4.9900   8.99
150.0     7.0   9.948571  1.096097e-01   9.70   9.9900   9.990   9.9900   9.99
165.0     1.0  24.990000           NaN  24.99  24.9900  24.990  24.9900  24.99
185.0     9.0  10.656667  3.162278e+00   7.99   7.9900   7.990  13.9900  13.99
195.0     1.0  18.990000           NaN  18.99  18.9900  18.990  18.9900  18.99
200.0    18.0   6.613889  1.222982e+00   5.99   5.9900   5.990   5.9900   9.22
255.0     2.0  13.695000  4.171930e-01  13.40  13.5475  13.695  13.8425  13.99
288.0     2.0  14.990000  0.000000e+00  14.99  14.9900  14.990  14.9900  14.99
300.0     3.0  15.990000  0.000000e+00  15.99  15.9900  15.990  15.9900  15.99
340.0    25.0  13.890000  2.121320e+00  12.49  12.4900  12.990  13.4900  17.99
370.0    18.0   6.990000  9.139281e-16   6.99   6.9900   6.990   6.9900   6.99
400.0    32.0  10.300000  1.528769e+00   7.99   9.9900   9.990   9.9900  13.99
415.0     3.0   3.990000  0.000000e+00   3.99   3.9900   3.990   3.9900   3.99
420.0     4.0  28.470000  0.000000e+00  28.47  28.4700  28.470  28.4700  28.47
510.0     6.0  29.906667  1.129786e+01  15.49  21.9900  30.990  39.9900  39.99
632.0     3.0  59.990000  0.000000e+00  59.99  59.9900  59.990  59.9900  59.99
680.0     5.0  77.630000  0.000000e+00  77.63  77.6300  77.630  77.6300  77.63
850.0     3.0  64.660000  0.000000e+00  64.66  64.6600  64.660  64.6600  64.66
1020.0    8.0  68.960000  2.364189e+01  28.76  48.1075  83.335  85.6125  87.99
1200.0    2.0  39.490000  3.535534e+00  36.99  38.2400  39.490  40.7400  41.99